image: IMR2ndCount.jpg
resolution: 0.20000
origin: [-130.412, -90.7306, 0.000000]
negate: 0
occupied_thresh: 0.65
free_thresh: 0.196

