image: office2.jpg
resolution: 0.10000
origin: [ -115.759, -48.272,0.000000]
negate: 0
occupied_thresh: 0.65
free_thresh: 0.196
 

